3 7 1586591454540
2 3 1586591452795
3 7 1586591455798
7 3 1586591461774
8 7 1586591461797
9 8 1586591464809
3 7 1586591536533
2 3 1586591534788
3 7 1586591537792
7 3 1586591543763
8 7 1586591543792
9 8 1586591546801
3 7 1586591809825
2 3 1586591808079
3 7 1586591811084
7 3 1586591817055
8 7 1586591817086
9 8 1586591820098
3 7 1586591942564
2 3 1586591940817
3 7 1586591943822
7 3 1586591949799
8 7 1586591949824
9 8 1586591952824
3 7 1586591993641
2 3 1586591991895
3 7 1586591994901
7 3 1586592000871
8 7 1586592000905
9 8 1586592003918
3 7 1586592030921
2 3 1586592029174
3 7 1586592032181
7 3 1586592038150
8 7 1586592038184
9 8 1586592041197
1 5 1586592035185
3 7 1586592087181
1 5 1586592084181
1 8 1586592091395
2 3 1586592085432
3 7 1586592088440
7 3 1586592094412
8 7 1586592094442
9 8 1586592097455
1 8 1586592091444
3 7 1586592157354
1 5 1586592154373
1 8 1586592161586
2 3 1586592155623
3 7 1586592158612
7 3 1586592164582
8 7 1586592164583
9 8 1586592167580
1 5 1586592161599
3 7 1586592238387
1 5 1586592235390
1 8 1586592242604
2 3 1586592236640
3 7 1586592239648
7 3 1586592245619
8 7 1586592245652
9 8 1586592248664
1 5 1586592242655
3 7 1587068835953
1 5 1587068832953
1 8 1587068840090
2 3 1587068834203
3 7 1587068837219
7 3 1587068843095
8 7 1587068843207
9 8 1587068846206
1 8 1587068840220
3 7 1587068885948
1 5 1587068882962
1 8 1587068890081
2 3 1587068884212
3 7 1587068887220
7 3 1587068893085
8 7 1587068893213
9 8 1587068896229
1 8 1587068890226
3 7 1587069228801
1 5 1587069225845
1 8 1587069234282
2 3 1587069227095
3 7 1587069230068
7 3 1587069237285
8 7 1587069237817
9 8 1587069240833
1 5 1587069234815
3 7 1587069303402
1 5 1587069300446
1 8 1587069307526
2 3 1587069301696
3 7 1587069304669
7 3 1587069310531
8 7 1587069310671
9 8 1587069313672
1 8 1587069307700
3 7 1587069362809
1 5 1587069359854
1 8 1587069368287
2 3 1587069361104
3 7 1587069364078
7 3 1587069371290
8 7 1587069371825
9 8 1587069374825
1 8 1587069368820
3 7 1587069440627
1 5 1587069437672
1 8 1587069444792
2 3 1587069438923
3 7 1587069441891
7 3 1587069447795
8 7 1587069447899
9 8 1587069450902
1 5 1587069444912
3 7 1587070045390
1 5 1587070042420
1 8 1587070049490
2 3 1587070043670
3 7 1587070046657
7 3 1587070052509
8 7 1587070052653
9 8 1587070055656
3 7 1587070171029
1 5 1587070168057
1 8 1587070175125
2 3 1587070169307
3 7 1587070172302
7 3 1587070178144
8 7 1587070178293
9 8 1587070181294
1 5 1587070175308
